<vector xmlns:android="http://schemas.android.com/apk/res/android"
    android:width="16dp"
    android:height="16dp"
    android:viewportWidth="16"
    android:viewportHeight="16">

    <path
        android:fillColor="#FFFFFF"
        android:pathData="M3,8.77a9.94,9.94,0,0,0,4.32,4.32l1.44-1.44a.65 .65
,0,0,1,.67-.16,7.48,7.48,0,0,0,2.34 .37 .66 .66 ,0,0,1,.66 .66 v2.29a.66 .66
,0,0,1-.66 .66 A11.15,11.15,0,0,1,.67,4.31a.66 .66 ,0,0,1,.66-.66h2.3a.66 .66
,0,0,1,.66 .66 ,7.45,7.45,0,0,0,.37,2.34 .66 .66,0,0,1-.16 .67 Z" />
    <path
        android:fillColor="#FFFFFF"
        android:pathData="M9.24,5.92H10v.67H9.24V8.1H8.46V6.59H6V6.11L8.42,1.61h.83Zm-2.37,0H8.46V2.84Z" />
    <path
        android:fillColor="#FFFFFF"
        android:pathData="M15,7.29l-.14 .18 a2.24,2.24,0,0,1-1.8 .72
,2.06,2.06,0,0,1-1.65-.7,3,3,0,0,1-.61-2V4.25a3.22,3.22,0,0,1,.55-2A2,2,0,0,1,13,1.53,2,2,0,0,1,14.42,2,2.15,2.15,0,0,1,15,3.51h-.82a1.64,1.64,0,0,0-.34-.95A1.08,1.08,0,0,0,13,2.22a1.17,1.17,0,0,0-1,.46,2.62,2.62,0,0,0-.34,1.46V5.46A2.56,2.56,0,0,0,12,7a1.24,1.24,0,0,0,1.07
.52 ,1.42,1.42,0,0,0,1-.32l.12-.11V5.57H13v-.7h2Z" />
</vector>